{
 "cells": [
  {
   "cell_type": "code",
   "execution_count": 68,
   "metadata": {},
   "outputs": [],
   "source": [
    "#Import libraries\n",
    "import sklearn \n",
    "from sklearn.preprocessing import StandardScaler\n",
    "from sklearn.linear_model import LogisticRegression\n",
    "from sklearn.pipeline import Pipeline\n",
    "from sklearn.pipeline import make_pipeline\n",
    "from sklearn.datasets import load_iris\n",
    "from sklearn.model_selection import train_test_split\n",
    "from sklearn.metrics import accuracy_score\n",
    "from sklearn.decomposition import PCA\n",
    "from sklearn.svm import SVC\n",
    "from sklearn.tree import plot_tree\n",
    "from sklearn.tree import DecisionTreeClassifier\n",
    "\n",
    "# import tensorflow as tf  # acts as the framework upon which this model is built\n",
    "import numpy as np  # basic scientific computation\n",
    "import pandas as pd #for data science\n",
    "import scipy\n",
    "import matplotlib.pyplot as plt #ploting \n",
    "import seaborn as sns; sns.set_style('darkgrid') #ploting\n",
    "my_dpi=96 #dots per inch. Used in the size of the plots\n",
    " \n",
    "import csv #library for handling csv files \n",
    "\n",
    "import statsmodels.api as sm #library for statistical modeling\n",
    "\n"
   ]
  },
  {
   "cell_type": "code",
   "execution_count": 69,
   "metadata": {},
   "outputs": [
    {
     "name": "stdout",
     "output_type": "stream",
     "text": [
      "       age  age_groups\n",
      "0       58         100\n",
      "1       44          70\n",
      "2       33          30\n",
      "3       47          80\n",
      "4       33          30\n",
      "...    ...         ...\n",
      "45206   51          80\n",
      "45207   71         100\n",
      "45208   72         100\n",
      "45209   57         100\n",
      "45210   37          50\n",
      "\n",
      "[45211 rows x 2 columns]\n"
     ]
    }
   ],
   "source": [
    "df = pd.read_csv('bank/bank-full.csv', sep=';')\n",
    "\n",
    "# Group age by percentages of 10\n",
    "labels = [0] + [f'{i+10}' for i in range(10, 100, 10)]\n",
    "df['age_groups'] = pd.qcut(df['age'], 10, labels=labels)\n",
    "df.age_groups = df.age_groups.astype(\"int\")\n",
    "print(df[['age', 'age_groups']])\n",
    "\n",
    "# Switch all categorical vallues to numerical\n",
    "df.job = df.job.replace([\"admin.\", \"unknown\", \"unemployed\", \"management\", \"housemaid\", \"entrepreneur\", \"student\", \"blue-collar\", \"self-employed\", \"retired\", \"technician\", \"services\"], [1, 2, 3, 4, 5, 6, 7, 8, 9, 10, 11, 12])\n",
    "\n",
    "df.marital = df.marital.replace([\"married\", \"divorced\", \"single\"], [1, 2, 3])\n",
    "\n",
    "df.education = df.education.replace(\n",
    "    [\"unknown\", \"secondary\", \"primary\", \"tertiary\"], [1, 2, 3, 4])\n",
    "\n",
    "df.default = df.default.replace([\"yes\", \"no\"], [1, 2])\n",
    "\n",
    "df.housing = df.housing.replace([\"yes\", \"no\"], [1, 2])\n",
    "\n",
    "df.loan = df.loan.replace([\"yes\", \"no\"], [1, 2])\n",
    "\n",
    "df.contact = df.contact.replace(\n",
    "    [\"unknown\", \"telephone\", \"cellular\"], [1, 2, 3])\n",
    "\n",
    "df.month = df.month.replace([\"jan\", \"feb\", \"mar\", \"apr\", \"may\", \"jun\", \"jul\",\n",
    "                            \"aug\", \"sep\", \"oct\", \"nov\", \"dec\"], [1, 2, 3, 4, 5, 6, 7, 8, 9, 10, 11, 12])\n",
    "\n",
    "df.poutcome = df.poutcome.replace(\n",
    "    [\"unknown\", \"other\", \"failure\", \"success\"], [2, 3, 0, 1])\n",
    "\n",
    "df.y = df.y.replace([\"yes\", \"no\"], [1, 0])\n"
   ]
  },
  {
   "cell_type": "code",
   "execution_count": 70,
   "metadata": {},
   "outputs": [
    {
     "data": {
      "text/html": [
       "<div>\n",
       "<style scoped>\n",
       "    .dataframe tbody tr th:only-of-type {\n",
       "        vertical-align: middle;\n",
       "    }\n",
       "\n",
       "    .dataframe tbody tr th {\n",
       "        vertical-align: top;\n",
       "    }\n",
       "\n",
       "    .dataframe thead th {\n",
       "        text-align: right;\n",
       "    }\n",
       "</style>\n",
       "<table border=\"1\" class=\"dataframe\">\n",
       "  <thead>\n",
       "    <tr style=\"text-align: right;\">\n",
       "      <th></th>\n",
       "      <th>age</th>\n",
       "      <th>job</th>\n",
       "      <th>marital</th>\n",
       "      <th>education</th>\n",
       "      <th>default</th>\n",
       "      <th>balance</th>\n",
       "      <th>housing</th>\n",
       "      <th>loan</th>\n",
       "      <th>contact</th>\n",
       "      <th>day</th>\n",
       "      <th>month</th>\n",
       "      <th>duration</th>\n",
       "      <th>campaign</th>\n",
       "      <th>pdays</th>\n",
       "      <th>previous</th>\n",
       "      <th>poutcome</th>\n",
       "      <th>y</th>\n",
       "      <th>age_groups</th>\n",
       "    </tr>\n",
       "  </thead>\n",
       "  <tbody>\n",
       "    <tr>\n",
       "      <th>age</th>\n",
       "      <td>1.000000</td>\n",
       "      <td>0.044237</td>\n",
       "      <td>-0.376104</td>\n",
       "      <td>-0.019044</td>\n",
       "      <td>0.017879</td>\n",
       "      <td>0.097783</td>\n",
       "      <td>0.185513</td>\n",
       "      <td>0.015655</td>\n",
       "      <td>-0.026221</td>\n",
       "      <td>-0.009120</td>\n",
       "      <td>0.092903</td>\n",
       "      <td>-0.004648</td>\n",
       "      <td>0.004760</td>\n",
       "      <td>-0.023758</td>\n",
       "      <td>0.001288</td>\n",
       "      <td>-0.011541</td>\n",
       "      <td>0.025155</td>\n",
       "      <td>0.953095</td>\n",
       "    </tr>\n",
       "    <tr>\n",
       "      <th>job</th>\n",
       "      <td>0.044237</td>\n",
       "      <td>1.000000</td>\n",
       "      <td>-0.034681</td>\n",
       "      <td>-0.209193</td>\n",
       "      <td>-0.002825</td>\n",
       "      <td>-0.030025</td>\n",
       "      <td>-0.035074</td>\n",
       "      <td>-0.026080</td>\n",
       "      <td>-0.039296</td>\n",
       "      <td>0.008361</td>\n",
       "      <td>-0.010099</td>\n",
       "      <td>0.012426</td>\n",
       "      <td>0.010301</td>\n",
       "      <td>-0.008086</td>\n",
       "      <td>-0.016064</td>\n",
       "      <td>0.014134</td>\n",
       "      <td>-0.024649</td>\n",
       "      <td>0.023319</td>\n",
       "    </tr>\n",
       "    <tr>\n",
       "      <th>marital</th>\n",
       "      <td>-0.376104</td>\n",
       "      <td>-0.034681</td>\n",
       "      <td>1.000000</td>\n",
       "      <td>0.048662</td>\n",
       "      <td>-0.009584</td>\n",
       "      <td>-0.020602</td>\n",
       "      <td>0.020202</td>\n",
       "      <td>0.046738</td>\n",
       "      <td>0.040757</td>\n",
       "      <td>-0.007701</td>\n",
       "      <td>-0.069718</td>\n",
       "      <td>0.022895</td>\n",
       "      <td>-0.029121</td>\n",
       "      <td>0.029490</td>\n",
       "      <td>0.015676</td>\n",
       "      <td>-0.002945</td>\n",
       "      <td>0.065668</td>\n",
       "      <td>-0.407775</td>\n",
       "    </tr>\n",
       "    <tr>\n",
       "      <th>education</th>\n",
       "      <td>-0.019044</td>\n",
       "      <td>-0.209193</td>\n",
       "      <td>0.048662</td>\n",
       "      <td>1.000000</td>\n",
       "      <td>0.013916</td>\n",
       "      <td>0.073295</td>\n",
       "      <td>0.082156</td>\n",
       "      <td>0.038771</td>\n",
       "      <td>0.108624</td>\n",
       "      <td>0.013607</td>\n",
       "      <td>0.072804</td>\n",
       "      <td>-0.000389</td>\n",
       "      <td>0.014960</td>\n",
       "      <td>-0.012525</td>\n",
       "      <td>0.017587</td>\n",
       "      <td>-0.010682</td>\n",
       "      <td>0.046539</td>\n",
       "      <td>-0.021981</td>\n",
       "    </tr>\n",
       "    <tr>\n",
       "      <th>default</th>\n",
       "      <td>0.017879</td>\n",
       "      <td>-0.002825</td>\n",
       "      <td>-0.009584</td>\n",
       "      <td>0.013916</td>\n",
       "      <td>1.000000</td>\n",
       "      <td>0.066745</td>\n",
       "      <td>-0.006025</td>\n",
       "      <td>0.077234</td>\n",
       "      <td>0.015404</td>\n",
       "      <td>-0.009424</td>\n",
       "      <td>-0.014989</td>\n",
       "      <td>0.010021</td>\n",
       "      <td>-0.016822</td>\n",
       "      <td>0.029979</td>\n",
       "      <td>0.018329</td>\n",
       "      <td>-0.026062</td>\n",
       "      <td>0.022419</td>\n",
       "      <td>0.013490</td>\n",
       "    </tr>\n",
       "    <tr>\n",
       "      <th>balance</th>\n",
       "      <td>0.097783</td>\n",
       "      <td>-0.030025</td>\n",
       "      <td>-0.020602</td>\n",
       "      <td>0.073295</td>\n",
       "      <td>0.066745</td>\n",
       "      <td>1.000000</td>\n",
       "      <td>0.068768</td>\n",
       "      <td>0.084350</td>\n",
       "      <td>0.027273</td>\n",
       "      <td>0.004503</td>\n",
       "      <td>0.094605</td>\n",
       "      <td>0.021560</td>\n",
       "      <td>-0.014578</td>\n",
       "      <td>0.003435</td>\n",
       "      <td>0.016674</td>\n",
       "      <td>-0.017669</td>\n",
       "      <td>0.052838</td>\n",
       "      <td>0.084400</td>\n",
       "    </tr>\n",
       "    <tr>\n",
       "      <th>housing</th>\n",
       "      <td>0.185513</td>\n",
       "      <td>-0.035074</td>\n",
       "      <td>0.020202</td>\n",
       "      <td>0.082156</td>\n",
       "      <td>-0.006025</td>\n",
       "      <td>0.068768</td>\n",
       "      <td>1.000000</td>\n",
       "      <td>0.041323</td>\n",
       "      <td>0.188123</td>\n",
       "      <td>0.027982</td>\n",
       "      <td>0.173887</td>\n",
       "      <td>-0.005075</td>\n",
       "      <td>0.023599</td>\n",
       "      <td>-0.124178</td>\n",
       "      <td>-0.037076</td>\n",
       "      <td>0.061869</td>\n",
       "      <td>0.139173</td>\n",
       "      <td>0.147139</td>\n",
       "    </tr>\n",
       "    <tr>\n",
       "      <th>loan</th>\n",
       "      <td>0.015655</td>\n",
       "      <td>-0.026080</td>\n",
       "      <td>0.046738</td>\n",
       "      <td>0.038771</td>\n",
       "      <td>0.077234</td>\n",
       "      <td>0.084350</td>\n",
       "      <td>0.041323</td>\n",
       "      <td>1.000000</td>\n",
       "      <td>-0.010873</td>\n",
       "      <td>-0.011370</td>\n",
       "      <td>-0.021638</td>\n",
       "      <td>0.012412</td>\n",
       "      <td>-0.009980</td>\n",
       "      <td>0.022754</td>\n",
       "      <td>0.011043</td>\n",
       "      <td>-0.013531</td>\n",
       "      <td>0.068185</td>\n",
       "      <td>0.004023</td>\n",
       "    </tr>\n",
       "    <tr>\n",
       "      <th>contact</th>\n",
       "      <td>-0.026221</td>\n",
       "      <td>-0.039296</td>\n",
       "      <td>0.040757</td>\n",
       "      <td>0.108624</td>\n",
       "      <td>0.015404</td>\n",
       "      <td>0.027273</td>\n",
       "      <td>0.188123</td>\n",
       "      <td>-0.010873</td>\n",
       "      <td>1.000000</td>\n",
       "      <td>0.027936</td>\n",
       "      <td>0.173779</td>\n",
       "      <td>0.020839</td>\n",
       "      <td>-0.019614</td>\n",
       "      <td>0.244816</td>\n",
       "      <td>0.147811</td>\n",
       "      <td>-0.193538</td>\n",
       "      <td>0.148395</td>\n",
       "      <td>-0.041646</td>\n",
       "    </tr>\n",
       "    <tr>\n",
       "      <th>day</th>\n",
       "      <td>-0.009120</td>\n",
       "      <td>0.008361</td>\n",
       "      <td>-0.007701</td>\n",
       "      <td>0.013607</td>\n",
       "      <td>-0.009424</td>\n",
       "      <td>0.004503</td>\n",
       "      <td>0.027982</td>\n",
       "      <td>-0.011370</td>\n",
       "      <td>0.027936</td>\n",
       "      <td>1.000000</td>\n",
       "      <td>0.101989</td>\n",
       "      <td>-0.030206</td>\n",
       "      <td>0.162490</td>\n",
       "      <td>-0.093044</td>\n",
       "      <td>-0.051710</td>\n",
       "      <td>0.061163</td>\n",
       "      <td>-0.028348</td>\n",
       "      <td>-0.007146</td>\n",
       "    </tr>\n",
       "    <tr>\n",
       "      <th>month</th>\n",
       "      <td>0.092903</td>\n",
       "      <td>-0.010099</td>\n",
       "      <td>-0.069718</td>\n",
       "      <td>0.072804</td>\n",
       "      <td>-0.014989</td>\n",
       "      <td>0.094605</td>\n",
       "      <td>0.173887</td>\n",
       "      <td>-0.021638</td>\n",
       "      <td>0.173779</td>\n",
       "      <td>0.101989</td>\n",
       "      <td>1.000000</td>\n",
       "      <td>-0.011866</td>\n",
       "      <td>0.054868</td>\n",
       "      <td>-0.108940</td>\n",
       "      <td>-0.035600</td>\n",
       "      <td>0.024025</td>\n",
       "      <td>0.018717</td>\n",
       "      <td>0.101743</td>\n",
       "    </tr>\n",
       "    <tr>\n",
       "      <th>duration</th>\n",
       "      <td>-0.004648</td>\n",
       "      <td>0.012426</td>\n",
       "      <td>0.022895</td>\n",
       "      <td>-0.000389</td>\n",
       "      <td>0.010021</td>\n",
       "      <td>0.021560</td>\n",
       "      <td>-0.005075</td>\n",
       "      <td>0.012412</td>\n",
       "      <td>0.020839</td>\n",
       "      <td>-0.030206</td>\n",
       "      <td>-0.011866</td>\n",
       "      <td>1.000000</td>\n",
       "      <td>-0.084570</td>\n",
       "      <td>-0.001565</td>\n",
       "      <td>0.001203</td>\n",
       "      <td>0.005523</td>\n",
       "      <td>0.394521</td>\n",
       "      <td>-0.018204</td>\n",
       "    </tr>\n",
       "    <tr>\n",
       "      <th>campaign</th>\n",
       "      <td>0.004760</td>\n",
       "      <td>0.010301</td>\n",
       "      <td>-0.029121</td>\n",
       "      <td>0.014960</td>\n",
       "      <td>-0.016822</td>\n",
       "      <td>-0.014578</td>\n",
       "      <td>0.023599</td>\n",
       "      <td>-0.009980</td>\n",
       "      <td>-0.019614</td>\n",
       "      <td>0.162490</td>\n",
       "      <td>0.054868</td>\n",
       "      <td>-0.084570</td>\n",
       "      <td>1.000000</td>\n",
       "      <td>-0.088628</td>\n",
       "      <td>-0.032855</td>\n",
       "      <td>0.089798</td>\n",
       "      <td>-0.073172</td>\n",
       "      <td>0.016662</td>\n",
       "    </tr>\n",
       "    <tr>\n",
       "      <th>pdays</th>\n",
       "      <td>-0.023758</td>\n",
       "      <td>-0.008086</td>\n",
       "      <td>0.029490</td>\n",
       "      <td>-0.012525</td>\n",
       "      <td>0.029979</td>\n",
       "      <td>0.003435</td>\n",
       "      <td>-0.124178</td>\n",
       "      <td>0.022754</td>\n",
       "      <td>0.244816</td>\n",
       "      <td>-0.093044</td>\n",
       "      <td>-0.108940</td>\n",
       "      <td>-0.001565</td>\n",
       "      <td>-0.088628</td>\n",
       "      <td>1.000000</td>\n",
       "      <td>0.454820</td>\n",
       "      <td>-0.587264</td>\n",
       "      <td>0.103621</td>\n",
       "      <td>-0.028468</td>\n",
       "    </tr>\n",
       "    <tr>\n",
       "      <th>previous</th>\n",
       "      <td>0.001288</td>\n",
       "      <td>-0.016064</td>\n",
       "      <td>0.015676</td>\n",
       "      <td>0.017587</td>\n",
       "      <td>0.018329</td>\n",
       "      <td>0.016674</td>\n",
       "      <td>-0.037076</td>\n",
       "      <td>0.011043</td>\n",
       "      <td>0.147811</td>\n",
       "      <td>-0.051710</td>\n",
       "      <td>-0.035600</td>\n",
       "      <td>0.001203</td>\n",
       "      <td>-0.032855</td>\n",
       "      <td>0.454820</td>\n",
       "      <td>1.000000</td>\n",
       "      <td>-0.284312</td>\n",
       "      <td>0.093236</td>\n",
       "      <td>-0.006393</td>\n",
       "    </tr>\n",
       "    <tr>\n",
       "      <th>poutcome</th>\n",
       "      <td>-0.011541</td>\n",
       "      <td>0.014134</td>\n",
       "      <td>-0.002945</td>\n",
       "      <td>-0.010682</td>\n",
       "      <td>-0.026062</td>\n",
       "      <td>-0.017669</td>\n",
       "      <td>0.061869</td>\n",
       "      <td>-0.013531</td>\n",
       "      <td>-0.193538</td>\n",
       "      <td>0.061163</td>\n",
       "      <td>0.024025</td>\n",
       "      <td>0.005523</td>\n",
       "      <td>0.089798</td>\n",
       "      <td>-0.587264</td>\n",
       "      <td>-0.284312</td>\n",
       "      <td>1.000000</td>\n",
       "      <td>-0.080718</td>\n",
       "      <td>-0.007768</td>\n",
       "    </tr>\n",
       "    <tr>\n",
       "      <th>y</th>\n",
       "      <td>0.025155</td>\n",
       "      <td>-0.024649</td>\n",
       "      <td>0.065668</td>\n",
       "      <td>0.046539</td>\n",
       "      <td>0.022419</td>\n",
       "      <td>0.052838</td>\n",
       "      <td>0.139173</td>\n",
       "      <td>0.068185</td>\n",
       "      <td>0.148395</td>\n",
       "      <td>-0.028348</td>\n",
       "      <td>0.018717</td>\n",
       "      <td>0.394521</td>\n",
       "      <td>-0.073172</td>\n",
       "      <td>0.103621</td>\n",
       "      <td>0.093236</td>\n",
       "      <td>-0.080718</td>\n",
       "      <td>1.000000</td>\n",
       "      <td>-0.014896</td>\n",
       "    </tr>\n",
       "    <tr>\n",
       "      <th>age_groups</th>\n",
       "      <td>0.953095</td>\n",
       "      <td>0.023319</td>\n",
       "      <td>-0.407775</td>\n",
       "      <td>-0.021981</td>\n",
       "      <td>0.013490</td>\n",
       "      <td>0.084400</td>\n",
       "      <td>0.147139</td>\n",
       "      <td>0.004023</td>\n",
       "      <td>-0.041646</td>\n",
       "      <td>-0.007146</td>\n",
       "      <td>0.101743</td>\n",
       "      <td>-0.018204</td>\n",
       "      <td>0.016662</td>\n",
       "      <td>-0.028468</td>\n",
       "      <td>-0.006393</td>\n",
       "      <td>-0.007768</td>\n",
       "      <td>-0.014896</td>\n",
       "      <td>1.000000</td>\n",
       "    </tr>\n",
       "  </tbody>\n",
       "</table>\n",
       "</div>"
      ],
      "text/plain": [
       "                 age       job   marital  education   default   balance  \\\n",
       "age         1.000000  0.044237 -0.376104  -0.019044  0.017879  0.097783   \n",
       "job         0.044237  1.000000 -0.034681  -0.209193 -0.002825 -0.030025   \n",
       "marital    -0.376104 -0.034681  1.000000   0.048662 -0.009584 -0.020602   \n",
       "education  -0.019044 -0.209193  0.048662   1.000000  0.013916  0.073295   \n",
       "default     0.017879 -0.002825 -0.009584   0.013916  1.000000  0.066745   \n",
       "balance     0.097783 -0.030025 -0.020602   0.073295  0.066745  1.000000   \n",
       "housing     0.185513 -0.035074  0.020202   0.082156 -0.006025  0.068768   \n",
       "loan        0.015655 -0.026080  0.046738   0.038771  0.077234  0.084350   \n",
       "contact    -0.026221 -0.039296  0.040757   0.108624  0.015404  0.027273   \n",
       "day        -0.009120  0.008361 -0.007701   0.013607 -0.009424  0.004503   \n",
       "month       0.092903 -0.010099 -0.069718   0.072804 -0.014989  0.094605   \n",
       "duration   -0.004648  0.012426  0.022895  -0.000389  0.010021  0.021560   \n",
       "campaign    0.004760  0.010301 -0.029121   0.014960 -0.016822 -0.014578   \n",
       "pdays      -0.023758 -0.008086  0.029490  -0.012525  0.029979  0.003435   \n",
       "previous    0.001288 -0.016064  0.015676   0.017587  0.018329  0.016674   \n",
       "poutcome   -0.011541  0.014134 -0.002945  -0.010682 -0.026062 -0.017669   \n",
       "y           0.025155 -0.024649  0.065668   0.046539  0.022419  0.052838   \n",
       "age_groups  0.953095  0.023319 -0.407775  -0.021981  0.013490  0.084400   \n",
       "\n",
       "             housing      loan   contact       day     month  duration  \\\n",
       "age         0.185513  0.015655 -0.026221 -0.009120  0.092903 -0.004648   \n",
       "job        -0.035074 -0.026080 -0.039296  0.008361 -0.010099  0.012426   \n",
       "marital     0.020202  0.046738  0.040757 -0.007701 -0.069718  0.022895   \n",
       "education   0.082156  0.038771  0.108624  0.013607  0.072804 -0.000389   \n",
       "default    -0.006025  0.077234  0.015404 -0.009424 -0.014989  0.010021   \n",
       "balance     0.068768  0.084350  0.027273  0.004503  0.094605  0.021560   \n",
       "housing     1.000000  0.041323  0.188123  0.027982  0.173887 -0.005075   \n",
       "loan        0.041323  1.000000 -0.010873 -0.011370 -0.021638  0.012412   \n",
       "contact     0.188123 -0.010873  1.000000  0.027936  0.173779  0.020839   \n",
       "day         0.027982 -0.011370  0.027936  1.000000  0.101989 -0.030206   \n",
       "month       0.173887 -0.021638  0.173779  0.101989  1.000000 -0.011866   \n",
       "duration   -0.005075  0.012412  0.020839 -0.030206 -0.011866  1.000000   \n",
       "campaign    0.023599 -0.009980 -0.019614  0.162490  0.054868 -0.084570   \n",
       "pdays      -0.124178  0.022754  0.244816 -0.093044 -0.108940 -0.001565   \n",
       "previous   -0.037076  0.011043  0.147811 -0.051710 -0.035600  0.001203   \n",
       "poutcome    0.061869 -0.013531 -0.193538  0.061163  0.024025  0.005523   \n",
       "y           0.139173  0.068185  0.148395 -0.028348  0.018717  0.394521   \n",
       "age_groups  0.147139  0.004023 -0.041646 -0.007146  0.101743 -0.018204   \n",
       "\n",
       "            campaign     pdays  previous  poutcome         y  age_groups  \n",
       "age         0.004760 -0.023758  0.001288 -0.011541  0.025155    0.953095  \n",
       "job         0.010301 -0.008086 -0.016064  0.014134 -0.024649    0.023319  \n",
       "marital    -0.029121  0.029490  0.015676 -0.002945  0.065668   -0.407775  \n",
       "education   0.014960 -0.012525  0.017587 -0.010682  0.046539   -0.021981  \n",
       "default    -0.016822  0.029979  0.018329 -0.026062  0.022419    0.013490  \n",
       "balance    -0.014578  0.003435  0.016674 -0.017669  0.052838    0.084400  \n",
       "housing     0.023599 -0.124178 -0.037076  0.061869  0.139173    0.147139  \n",
       "loan       -0.009980  0.022754  0.011043 -0.013531  0.068185    0.004023  \n",
       "contact    -0.019614  0.244816  0.147811 -0.193538  0.148395   -0.041646  \n",
       "day         0.162490 -0.093044 -0.051710  0.061163 -0.028348   -0.007146  \n",
       "month       0.054868 -0.108940 -0.035600  0.024025  0.018717    0.101743  \n",
       "duration   -0.084570 -0.001565  0.001203  0.005523  0.394521   -0.018204  \n",
       "campaign    1.000000 -0.088628 -0.032855  0.089798 -0.073172    0.016662  \n",
       "pdays      -0.088628  1.000000  0.454820 -0.587264  0.103621   -0.028468  \n",
       "previous   -0.032855  0.454820  1.000000 -0.284312  0.093236   -0.006393  \n",
       "poutcome    0.089798 -0.587264 -0.284312  1.000000 -0.080718   -0.007768  \n",
       "y          -0.073172  0.103621  0.093236 -0.080718  1.000000   -0.014896  \n",
       "age_groups  0.016662 -0.028468 -0.006393 -0.007768 -0.014896    1.000000  "
      ]
     },
     "execution_count": 70,
     "metadata": {},
     "output_type": "execute_result"
    }
   ],
   "source": [
    "df.corr()"
   ]
  },
  {
   "cell_type": "code",
   "execution_count": 71,
   "metadata": {},
   "outputs": [],
   "source": [
    "# Split useable and target group\n",
    "useColumns = df[['age_groups', 'job', 'marital',  'education', 'default', 'balance', 'housing', 'loan',\n",
    "        'contact', 'day', 'month', 'duration', 'campaign', 'pdays', 'previous', 'poutcome']]\n",
    "target = df[['y']]\n"
   ]
  },
  {
   "cell_type": "code",
   "execution_count": 72,
   "metadata": {},
   "outputs": [
    {
     "name": "stdout",
     "output_type": "stream",
     "text": [
      "[Pipeline] ........ (step 1 of 2) Processing reduce_dim, total=   0.0s\n"
     ]
    },
    {
     "name": "stderr",
     "output_type": "stream",
     "text": [
      "c:\\Users\\markella.nikolopoulo\\Anaconda3\\lib\\site-packages\\sklearn\\utils\\validation.py:993: DataConversionWarning: A column-vector y was passed when a 1d array was expected. Please change the shape of y to (n_samples, ), for example using ravel().\n",
      "  y = column_or_1d(y, warn=True)\n"
     ]
    },
    {
     "name": "stdout",
     "output_type": "stream",
     "text": [
      "[Pipeline] ............... (step 2 of 2) Processing clf, total=  39.4s\n"
     ]
    },
    {
     "data": {
      "text/plain": [
       "0.8794647793873714"
      ]
     },
     "execution_count": 72,
     "metadata": {},
     "output_type": "execute_result"
    }
   ],
   "source": [
    "# C-Support Vector Classification.\n",
    "\n",
    "estimators = [('reduce_dim', PCA()), ('clf', SVC())]\n",
    "pipe = Pipeline(estimators, verbose=True)\n",
    "\n",
    "\n",
    "useColumns_train, useColumns_test, target_train, target_test = train_test_split(\n",
    "    useColumns, target, test_size=0.2, random_state=42)\n",
    "pipe.fit(useColumns_train, target_train)\n",
    "accuracy_score(pipe.predict(useColumns_test), target_test)\n"
   ]
  },
  {
   "cell_type": "code",
   "execution_count": null,
   "metadata": {},
   "outputs": [],
   "source": []
  },
  {
   "cell_type": "code",
   "execution_count": null,
   "metadata": {},
   "outputs": [],
   "source": []
  },
  {
   "cell_type": "code",
   "execution_count": 73,
   "metadata": {},
   "outputs": [],
   "source": [
    "# pipe = make_pipeline(StandardScaler(), LogisticRegression(), verbose=True)\n",
    "\n",
    "# X, y = load_iris(return_X_y=True)\n",
    "# X_train, X_test, y_train, y_test = train_test_split(X, y, random_state=0)\n",
    "# pipe.fit(X_train, y_train)\n",
    "# accuracy_score(pipe.predict(X_test), y_test)\n"
   ]
  },
  {
   "cell_type": "code",
   "execution_count": 74,
   "metadata": {},
   "outputs": [],
   "source": [
    "# ageBins = [18, 34, 50, 70, 88, 95]\n",
    "# df['age_groups'] = pd.cut(df['age'], ageBins)\n",
    "# print(df[['age', 'age_groups']])\n"
   ]
  }
 ],
 "metadata": {
  "kernelspec": {
   "display_name": "Python 3.9.12",
   "language": "python",
   "name": "python3"
  },
  "language_info": {
   "codemirror_mode": {
    "name": "ipython",
    "version": 3
   },
   "file_extension": ".py",
   "mimetype": "text/x-python",
   "name": "python",
   "nbconvert_exporter": "python",
   "pygments_lexer": "ipython3",
   "version": "3.9.12"
  },
  "orig_nbformat": 4,
  "vscode": {
   "interpreter": {
    "hash": "72ff89a3a4bae3f56a78a032d8e578cdc0c7bba2c01b6e51154ecbbe8075631c"
   }
  }
 },
 "nbformat": 4,
 "nbformat_minor": 2
}
